"ID" "latitud" "longitud" "altitud" "prec" "evap" "tmax" "tmin" "easting" "northing"
9004 19.20305556 -99.14916667 2726 0 NA 16.5 6.5 484319.351856349 2123302.06234465
9010 19.4125 -99.20166667 2271 1.9 NA 25 3 478827.420187644 2146483.07369789
9014 19.30333333 -99.14805556 2256 0 NA 23 10 484445.608311119 2134397.81095105
9043 19.46527778 -99.07916667 2240 2 1.44 24 8.5 491691.146715833 2152312.62653449
9071 19.33388889 -99.13222222 2250 0 NA 28 9 486111.607887456 2137777.49553077
13011 21.15361111 -98.38916667 126 NA NA NA NA 563418.898201484 2339270.3518319
13013 20.47972222 -99.22388889 1702 0 NA 21 7 476651.772044457 2264584.77734507
13018 20.22944444 -99.21527778 2004 0 NA 26 8 477513.586608693 2236886.56756968
13022 20.08777778 -98.74972222 2425 0 NA 22.5 7.6 526165.885538066 2221214.4737749
13041 20.08416667 -98.3575 2207 0 NA 22.2 7.6 567174.147819178 2220924.57706489
13042 20.64055556 -98.65527778 1969 6 NA 14 6 535911.804398036 2282405.85447465
13063 20.42111111 -99.23111111 1767 0 4.09 25.8 10.8 475889.459132745 2258099.54525965
13075 19.99 -99.33222222 2061 0.01 0.51 24 8 465245.474814388 2210409.15386445
13077 20.59694444 -98.76583333 1316 0 NA 24 13 524401.448526494 2277558.96634434
13080 20.155 -99.355 2035 0 NA 27 7 462901.445294981 2228673.35953998
13081 20.44055556 -99.37416667 1876 0 NA 22 7 460970.040430087 2260278.91438879
13084 19.96388889 -99.31194444 2123 0 NA 26 7 467361.421740141 2207515.59609923
13090 20.19027778 -99.25472222 1993 0 3.28 24 6 473386.819905197 2232558.09217641
13092 20.05666667 -99.34833333 2045 0 NA 23 6 463575.396700014 2217790.0344364
13122 20.37388889 -99.32638889 1954 0 NA 22 6 465939.210813744 2252890.50660586
13135 21.01944444 -98.34805556 168 0 NA 26 15.5 567748.126047077 2324437.86538409
13144 20.46222222 -98.07472222 424 3.9 NA 23 14 596506.432719876 2262904.59645371
13145 21.17138889 -98.59805556 173 0.2 NA 21.5 17 541725.990513365 2341168.76727036
13161 19.83666667 -99.38361111 2235 0 NA 29 7 459830.813442249 2193452.63853983
15010 19.46222222 -99.77555556 2557 0 3.19 22 4 418598.942848153 2152156.17267372
15013 19.53416667 -99.23944444 2290 7.7 3 22 8 474879.947443275 2159951.08417779
15020 19.25833333 -98.89583333 2240 0 NA 25 5 510946.505712434 2129415.14694813
15024 19.88583333 -99.555 2490 0 NA 22 1 441901.655055711 2198943.41949186
15028 19.90861111 -99.12638889 2229 3 NA 24 4 486771.43991897 2201373.23291184
15029 19.86166667 -99.9175 2449 0 2.93 25 3.5 403937.962962828 2196434.79081165
15044 19.57611111 -98.91388889 2250 4.3 NA 22 8 509031.540939 2164577.14861134
15047 19.56277778 -99.21583333 2270 4.5 NA 23 9 477360.982950766 2163113.75701652
15059 19.4775 -99.22083333 2265 4 NA 21 10 476824.37215181 2153678.0370938
15073 19.62333333 -99.28222222 2310 0 3.6 19 8 470408.402131954 2169824.72767267
15074 19.695 -99.30166667 2300 3 2.51 23 5 468383.643398546 2177758.63375307
15076 19.6625 -99.95777778 2564 0 4.51 20.5 7 399595.99881215 2174416.65285953
15078 19.825 -99.79083333 2718 0 3.4 23 2 417181.625308348 2192309.84819324
15083 19.53194444 -98.91055556 2244 7.1 2.39 23.5 9 509383.702402641 2159690.08287378
15085 19.52444444 -99.74138889 2587 0 1.41 21 2 422214.914792626 2159025.92733547
15086 19.47611111 -99.71444444 2560 0 1.87 24 4 425019.726662346 2153665.32920635
15094 19.19027778 -98.87083333 2285 0 3.36 22 6.5 513579.259947452 2121886.51652665
15095 19.49527778 -99.36777778 2755 0 2.3 18 8 461407.184136825 2155671.65835012
15099 19.76333333 -99.04388889 2250 13.5 2.2 27 6 495402.169993307 2185292.71615141
15118 19.05805556 -100.0530556 1882 0 1.17 28 7 389199.564619491 2107583.69221634
15126 19.29111111 -99.71416667 2726 0 2.84 24.2 5.3 424964.185158905 2133193.26252206
15145 19.45055556 -98.93166667 2260 2 5.8 22.5 8 507172.49840548 2150683.0754019
15153 19.57222222 -99.28694444 2410 0 NA 23 4 469903.763532754 2164169.79681504
15167 19.44333333 -98.90277778 2256 0 2.27 24 8 510205.227838664 2149885.37053702
15185 20.12694444 -99.74055556 2493 0 2.87 21 5 422594.650396809 2225701.21989132
15187 20.05444444 -99.69027778 2640 0 2.75 21 5 427816.849058863 2217655.25787335
15195 18.78111111 -100.4363889 944 0 1.9 30 17 348610.988555301 2077219.20690905
15201 19.42805556 -99.6125 2583 0 NA 24 3 435700.113660022 2148306.27794748
15238 19.51472222 -99.72861111 2618 0 NA 26 -6 423551.020070467 2157944.30787324
15251 19.7975 -99.87444444 2574 0 4.19 21 4 408409.380587846 2189309.64806808
15256 18.99083333 -99.42083333 2310 0 2 25 7 455704.596505503 2099866.11779001
15266 19.24833333 -99.57555556 2762 0 3.09 24 2 439512.467992546 2128405.51355235
15273 20.03861111 -99.86444444 2600 0 4.18 19 4 409594.018715421 2215987.72315625
15282 19.34083333 -99.79833333 2682 0 3 22.5 -0.5 416145.926224171 2138734.09084523
15293 19.2375 -99.76416667 2905 0 NA 20 2 419684.458905145 2127283.11802281
15301 18.93055556 -99.93388889 2383 0 2.42 23.5 10.5 401664.130787425 2093403.61763875
15324 18.79583333 -99.4675 2311 0 NA 34 14 450735.539951465 2078301.86612446
15367 19.28527778 -99.65277778 2668 0 NA 20 8.7 431411.972287885 2132522.34330738
15371 18.92861111 -99.72861111 2453 0 3.1 23 8 423279.471733974 2093086.70715513
15372 19.56888889 -99.76694444 2540 0 2.78 26 0.5 419555.580994449 2163956.04203471
15383 19.47222222 -98.99166667 2234 1 4.56 24.5 7 500874.57828315 2153079.16114075
17001 18.93666667 -98.92805556 1600 0 NA 27 13.5 507575.006305014 2093821.32590248
17003 18.80416667 -98.95083333 1303 0 NA 29 15 505180.810780142 2079159.87088352
17004 18.91861111 -99.23416667 1510 0 NA 27.5 13 475341.970798479 2091838.32747038
17005 18.81027778 -98.95083333 1302 0 NA 30 13 505180.623721788 2079836.03790514
17007 18.61 -99.42444444 942 0 NA 33 15 455223.896514677 2057728.64303853
17008 18.44 -99.025 966 0 10.65 31 12 497360.075776886 2038866.72723904
17010 18.75722222 -99.37277778 1003 0 4.15 33 14 460708.407357543 2074006.07884637
17012 18.90638889 -98.97027778 1380 0 2.9 30 16 503130.00572648 2090469.9043667
17013 18.70583333 -99.09388889 1135 0 NA 35 13 490100.965923927 2068281.6746589
17014 18.85444444 -99.22722222 1283 0 1.59 34 16 476064.118600422 2084737.51471897
17016 18.61111111 -99.25972222 932 0 NA 32 21 472601.313458238 2057818.47101667
17018 18.75916667 -99.12111111 970 0 NA 34.5 12 487234.834917184 2074184.45919607
17021 18.61666667 -98.94361111 1250 0 2.9 20 8.5 505948.383347077 2058414.27186765
17024 18.85444444 -99.02166667 1343 0 4.13 26.5 14 497717.609789737 2084722.31600693
17028 18.69166667 -98.82472222 1350 0 NA 28.5 17 518481.703159792 2066720.67413012
17031 18.58388889 -99.18416667 959 0 9.13 35 15 480568.778875858 2054796.65601451
17036 18.48333333 -98.71666667 1010 0 NA 33 14 529911.730187412 2043684.45411455
17038 18.52 -99.145 800 0 5.57 37 13 484695.527074561 2047724.02861797
17044 18.59861111 -99.36944444 1278 0 4.6 33 10 461023.512653813 2056455.69157878
17046 18.885 -98.69027778 2285 0 2 22 7 532620.685294188 2088131.57204711
17047 19.05833333 -99.27416667 2801 0 NA 25 7 471153.970515624 2107304.46226604
17048 18.87805556 -98.77527778 1941 0 1.68 26 12.5 523669.213743412 2087349.67577287
17051 18.98694444 -98.91972222 1908 0 NA 27.5 13.5 508449.888612015 2099384.80987721
17058 18.86027778 -99.32638889 1487 0 NA 32 14.5 465618.885894831 2085399.26911786
17060 18.93111111 -98.68972222 2769 0 2.15 24 11.5 532670.245132611 2093233.77605203
17061 18.68 -99.46361111 1152 2.8 5.15 31.5 14 451112.037170048 2065484.11611297
17067 18.89222222 -99.23333333 1372 0 NA 25 15.3 475425.870109073 2088918.34944263
17068 18.94722222 -98.82916667 2117 0 5.16 26.5 11.5 517985.871859132 2094996.42976847
17072 18.735 -99.26583333 1025 0 4.57 29 12 471976.997411899 2071527.08471979
17073 18.70027778 -99.38444444 986 0 4.05 34 13 459465.126653464 2067707.9852616
17074 18.5775 -99.18055556 907 0 4.69 33 16 480949.074302401 2054089.38185201
17077 18.685 -99.24388889 1030 0 3.14 32 13 474282.743211751 2065991.52200941
17081 18.73 -98.7625 1519.3 0 NA 31 17 525036.94718146 2070969.64402737
21002 18.22777778 -97.57805556 2053 0 4 25 10 650348.815405687 2015969.93978092
21003 18.3 -98.05 1180 0 NA 30 15 600401.77631099 2023638.2651791
21005 18.99388889 -97.80555556 2197 5 NA 28 6 625726.963600108 2100577.84439183
21007 18.86944444 -97.91972222 2026 0 NA 29 11 613792.867112515 2086728.83843908
21012 18.92166667 -98.45416667 1904 0 4.75 27 12 557476.419293781 2092248.85930763
21016 18.8975 -98.13222222 2120 0 6.9 24.5 6 591392.075542113 2089710.28015212
21018 18.29583333 -97.16388889 1131 0 NA 29 11 694075.69088433 2023892.33704107
21019 18.2025 -97.4525 2275 0 4.75 26.5 12.5 663650.522849371 2013280.06640868
21021 19.82444444 -97.80722222 1733 0 0.55 18 7 624915.52492757 2192495.52706319
21023 18.62 -97.41055556 2115 0 1.67 24 10 667682.171367048 2059524.90034327
21024 18.52666667 -98.58222222 1117 0 NA 32 12 544094.213831513 2048506.57318495
21026 18.98388889 -97.44166667 2561 0 2.28 21 7 664046.247302312 2099770.62772734
21029 19.62194444 -97.68111111 2476 15.2 NA NA NA 638298.570861381 2170181.15759492
21031 18.85861111 -97.46305556 2384 0 NA 20 5 661914.83804791 2085885.27609928
21032 20.03888889 -97.52222222 756 0 2.3 21 12 654558.485034586 2216467.85131111
21034 18.95555556 -98.27527778 2066 0 4.86 23 11 576298.779980846 2096066.53714195
21035 19.0125 -98.19305556 2122 0 2.5 24 9 584926.698195594 2102405.38763978
21038 19.38527778 -97.28916667 2553 0 NA 17 6 679667.506818663 2144349.00734577
21040 19.37027778 -97.35583333 2360 0 4.34 22 1 672680.61160459 2142620.61421571
21045 18.74888889 -98.16916667 1425 0 NA 33 16 587577.905285657 2073247.04094844
21047 19.62277778 -97.81416667 2472 0 NA 21 6 624344.094972172 2170170.94692506
21050 18.32361111 -98.81972222 904 0 5.8 32 17 519049.589212507 2025998.64065416
21052 19.41194444 -97.39388889 2343 0 NA 25 6 668640.013128204 2147194.93815866
21053 18.60388889 -97.2725 1693 5 NA 20 7 682267.228214294 2057876.34227251
21059 19.6975 -97.5475 2854 0 3.2 12 1 652239.912284437 2178657.73885096
21060 18.83694444 -97.54722222 2414 0 NA 24 6 653066.093259322 2083412.52543064
21063 18.19972222 -98.26027778 1119 0 5.33 34 14 578222.064275119 2012439.97737948
21065 19.05 -98.16666667 2179 0 4.69 23.8 11.2 587684.462291711 2106567.99444535
21067 19.26361111 -97.14805556 2346 6.1 0.1 21 11 694634.653194738 2131033.87228399
21072 19.01972222 -97.45055556 2581 0 NA 21 7 663075.399408908 2103728.39875624
21073 18.98277778 -97.35222222 3080 0 NA 20.5 4 673465.248792909 2099733.38506231
21077 19.34638889 -97.45611111 2414 0 NA 21 5 662170.37107898 2139879.27788756
21078 19.29861111 -98.43388889 2265 0 1.33 24 5 559476.804713315 2133965.75793537
21080 19.13361111 -97.6625 2355 0 NA 20 2 640669.092377692 2116149.5627931
21081 19.02333333 -97.56694444 2428 0 NA 22 6 650820.375625777 2104024.11547506
21082 18.89833333 -97.72805556 2229 0 2.9 23 9 633961.862692078 2090059.98513715
21083 18.46388889 -97.39305556 2416 0 NA 25 16 669682.899646404 2042263.38887968
21084 18.52805556 -97.14472222 2212 0 1.8 13.5 9 695839.186156934 2049616.96361514
21091 19.81527778 -97.36 1964 0 NA 25 6 671769.98925667 2191873.66080153
21094 18.405 -96.83583333 312 0 1.23 28 17 728619.481062439 2036357.80272646
21096 19.34638889 -98.58138889 2609 0 3.95 20 8 543967.113238411 2139208.54756515
21100 19.12972222 -97.73333333 2442 0 NA 25 10 633221.460289462 2115663.66729964
21102 18.72111111 -97.785 1950 0 6.28 28.5 15 628097.827884063 2070405.45270919
21103 19.86 -97.58555556 1887 0 1.74 14 6 648100.299992603 2196610.149617
21107 19.96 -97.96 2084 1 3.93 15 5 608821.504338032 2207392.0856074
21109 18.33194444 -97.47444444 1500 0 NA 25 13 661209.82696813 2027586.35225007
21114 18.33 -97.01416667 2107 0 NA 21 11 709864.954141847 2027840.1737729
21115 17.97944444 -98.38472222 1432 0 NA 23 7 565143.481161647 1988019.32740565
21117 19.29138889 -97.34194444 1320 0 NA 21 6 674223.298526127 2133902.49335019
21118 20.17861111 -98.06611111 1570 2.3 2.27 19 8 597582.3168932 2231520.95683874
21119 19.50027778 -97.75805556 2897 0 NA 27 8.5 630326.906344599 2156655.14587057
21123 18.77861111 -98.54083333 1624 0 NA 29 14 548391.209250797 2076393.97209854
21127 20.27694444 -97.96027778 1168 1.4 3.04 20 10 608573.464251841 2242469.88850951
21129 19.61472222 -97.50111111 2585 0 NA 23 5 657183.534028212 2169537.68504136
21132 18.61222222 -98.46805556 1297 0 3.9 22 19 556116.154420945 2058004.7312139
21136 19.1125 -97.95611111 2479 0 2.57 23 10 609799.950772049 2113602.93218535
21137 20.00083333 -97.79416667 1526 0 1.6 23 6 626142.988144611 2212027.58240813
21140 19.83944444 -98.03277778 2291 0 1.95 15.5 3.5 601282.414158504 2194004.54378631
21142 20.51027778 -97.66805556 144 0 NA 25 7 638883.388649602 2268515.96735212
21143 20.14 -97.20111111 144 0 NA NA NA 688029.989570545 2227990.39560277
21147 20.40444444 -97.84472222 278 1.7 0.92 30 17 620542.673091851 2256661.89750446
21148 19.13222222 -98.07777778 2583 0 2.78 16 7 596990.176632873 2115713.4994964
21158 18.92027778 -97.2525 2887 NA NA NA NA 684034.286804796 2092916.61173948
21167 19.10555556 -98.46361111 2317 0 NA 21 11 556419.831593601 2112593.45060908
21176 18.19916667 -97.88638889 1341 0 NA 24 12 617762.745470327 2012578.25722877
21177 18.64333333 -98.69111111 1089 0 4.48 30 14 532579.287960802 2061391.90161901
21189 18.47111111 -98.77777778 979 0 4.71 33 16.5 523461.813236713 2042323.13601041
21192 18.85805556 -98.595 2025 0 NA 25 9 542662.502870423 2085170.46978247
21198 18.10944444 -98.48333333 1059 0 NA 32 11 554662.44891076 2002370.7278166
21201 19.98722222 -97.29833333 592 0 2.46 22 14 678037.783240913 2210971.19584595
21205 18.37555556 -98.36305556 1041 0 NA 30 14 567285.548559288 2031854.26438991
21207 19.78611111 -97.55277778 2493 0 1.5 19 7 651602.945774182 2188460.87214696
21210 20.04055556 -98.17388889 2419 3 1.1 17.5 4.5 586395.693736269 2216182.64558021
21212 20.74833333 -97.865 131 1.4 0.57 22 15 618161.624417447 2294710.06247796
21215 20.1 -97.41027778 287 0 1.32 29 16 666204.389401756 2223339.90448872
21219 20.4275 -97.78666667 180 2 NA 26 16 626582.058561194 2259257.44750638
21220 20.17722222 -98.06111111 1555 2.8 NA 21 7 598105.67303156 2231370.18912533
21221 19.08527778 -97.54138889 2233 0 3 24 4 653453.407336254 2110902.06321622
21223 19.09 -98.53166667 2648 0 NA 28 -2 549265.905252521 2110851.65440177
21230 18.6125 -98.165 1208 0 6.69 31 14 588087.588592369 2058157.19771635
21231 18.7125 -98.2625 1418 0 3.99 31 15 577755.848052613 2069177.25653747
21235 18.88388889 -98.38027778 1815 0 NA 27 11 565271.817372785 2088094.34496439
21236 20.38583333 -97.88111111 240 9.2 NA NA NA 616759.471687509 2254575.72299716
21242 19.09305556 -98.05944444 2435 0 6.65 22 7 598941.729287253 2111389.55458311
21243 18.96888889 -97.95833333 2225 NA NA NA NA 609660.460984649 2097709.13522182
21244 19.49 -97.49444444 2486 0 3.8 22 6 658004.199282005 2155739.04581338
21247 19.06861111 -98.31805556 2155 0 2.5 24 9 571746.451478573 2108558.64351866
21248 19.02416667 -98.21555556 2123 0 NA 24 10 582552.811212905 2103685.66288419
21249 18.93888889 -98.135 2390 0 2.89 21 7 591077.089837249 2094288.81120338
29002 19.41555556 -98.14 2423 0 2.33 23 6 590290.503759257 2147034.06087113
29003 19.55555556 -98.20277778 2489 0 4.31 21 3 583627.271893061 2162495.05743941
29005 19.29888889 -97.76972222 2468 0 4.87 24 2 629261.472657377 2134358.08853022
29007 19.31805556 -97.64722222 2350 0 4 26 6 642117.401047611 2136575.28918145
29026 19.19972222 -97.9075 2565 0.01 2.51 25 7 614853.117140988 2123286.64640944
29031 19.31194444 -98.24416667 2281 0 2.65 24.5 10.5 579403.774273576 2135517.21303097
29035 19.58611111 -98.56388889 2587 0 3.48 22 4 545737.893765976 2165739.77553658
29169 19.21944444 -98.24305556 2215 0 2.9 26 6 579565.128012477 2125281.80288284
